1111111111 1111111111. 329

Bithus 280, 33. Q. Metelli oratio de prole aupenau
8111111114,4; 6. 17, 29. 21, 36. 77, 26.
Bithynicus a uur. ioruix 21, 23. Metellus Numidicus 258, 9.
regina 21, 25. Q. Caecilius Metellus (Nepos) 8,
Bogud 22, 28. 3. 24,11.
Bononia 81, 31. Caecilius Statius 291, 281 33.
81111111111295, 15. Bedunienses 292, 29; 33. 294, 23. 1111111-
44, 35. 173, 24. ora 303, 2.
81111 162, 19. Α. Caecinae liberde Caesare 39,
Bovillae 84, 19; 21. 35.
Breuci 90, 24. Α. 0111111 238, 5.
Britanni 12, 4. 139, 20. Caelius mons 105, 33. 106, 2.
Britannia 12, 6. 21, 2. 25, 33. 230, 29.
111, 11. 111, 11. 111, 11. caenis 111, 1. 111, 1. 111, 1.
177,17. 191, 1. 226, 6; 8. 0111111111111157, 18.
236, 33. 247, 20. 011111111111111.
Britauulons a um. 1111111 189, Caesareae urbes 65, 9.
33. expeditio 202, 21. 216, 7. 0111111111 22, 35. 23, 3. 45, 21.
triumphus 162, 31. Caesetius 1111111 32, 13. 33, 4.

Britannicus Divi Claudii 1. 162, 01111111 130, 31. 134, 231 26. ·

1412316330. 173, 2; 16. 137, 11. 141, 38. 146,12.
185, 201 24; 32. 236, 9-17. Τ. Caesonius Priscus 104, 12.

Brixellum 213, 9. 01111111 296,17.

Bructerus quidam 95, 16. ἓξῗίἓὶζῃῗῖἳζ 12272 24

Brundisium 15, 38. 25, 36. 45,

1; 11. 111, ’11. 111, 11. ἓζῖξῇζπξῗξ 1321 ¹⁰
3333333333 331 33· Caligula v. 11111111.
1111111331 ⁸ M. 1111111111, 11; 111.

D. Brutus 33, ll. 326. 35, 9. Callippffie, 103 ’2

43334313 Q.Calpenusil,.28
M. Brutus 21, 27. 22, 16. 33, Piso 279, 20.

11. 34, 27. 36, 4. 41, 223 Cu Pisod, 11111.

1111111111.111’,11.1111111’,11.11,11.

200, 14. 213, 26. 263, 17. Calpurnia 10, 21. 34, l.

271, 31. 297, 7. aer-ipsitde [19111103311041. 271, 27.

01111175, 24. 11111121, 27. 01. 91111082. 119,21. 120,
Burrus 188,1. 14. 215, 30.
31111111111111111111.0.Ρί11130,19;24.

Byzantium 230, 13. 2111111111111111111118813. 299,
Piso Frugi Licinianus 206, 33.
01111111111111111189, 27. 263, 31. 211, 6; 36.
264,14.011111111111111111111170, 5.
Q. Caecilius 811111126414. 0111111111111111.
Metellorum 1111111291, 16. camelorum quadrigae 174, 31

 

