noumnu 8888818888. 339

Internum mare 304, 33. 1108888139, 21. 53, 1. 80,
Invictus 94, 23. 32. 88, 9. 171, 4. 294, 31.
1888888228, 4. 295, 20. 08888140, 37. 41, 8.
isaeus 272, 31. 42, 11 34. 4521. 54,18. 59,
1881118281, 28. 24. 88, 30; 31. 80, 37, 81,
Isauricus v. Servilius. 11. 8813. 188, 27. 285, 20.
1811118 88818214, 24. 208, 28. 299, 15. Iulius 088-
1818888 241, 25. 881200, 12. Divus Caesar 81,
Isidorus Cynicus 190, 14. 38. Divus Iulius 38, 1843,
Isthmus 20, 9. 128, 8. 177, 27. 28. 45, 19. 52, 13. 81, 5. 84,
189, 4. 34. 138, 33 158, 18. 157, 18.
1811111118 181. 8. 218, 19. 228, 10. 280, 15.
11811813, 11. 17. 20. 19, 7. 23, epistulae 12, 29. 8809818888
28. 30, 28. 32, 24. 33, 28. 25, 13. ad familiares 25,14.
43, 8. 44, 37. 45, 4. 89, 9, adunatum 2510818ιί888
12. 85, 5. 87, 2. 90, 13. 94, 24, 9. diuinatio cenationes in
14. 102, 7. 128, 8. 155, 38. 0888811188 Dolabellam 4,18. 23,
159, 29. 180, 30. 184,18. 221. 34. 24, 8. pro Bithynis 21, 37.
15. 228, 8. 281, 28, 218, 8. pro Q. ,11888 21, 11. tn 8.
247, 24. 271, 29. 118881882928. 88811888881181
118188 188 298, 9. milites 24, 17. 27, 20. Amica·
italici 230, 38. 292, 8. tirones 18888 duo 25, 5; 8. de 8118-
177, 31. 18818 libri duo 25, 4; 8. rerum
Iuba 18, 28. 28, 7. 27, 19. 29, 11. 8888188 comentur& 0811181 m·-
11158 fliius 131, 7. unisque belli Pmnpeiani 24, 21
Iudaea 79, I. 182, 33. 209, 9. -25, 4. 1188888818 25, 8, 8.
228, 82 228, 1, 288, 8; 11. ,1811188281 81. 11111188
Iudaeus 72, 22. 11111881 38, 3. culis, 1188881118 Oedipus, 111818
101, 38. 181, 8. 221134. 229, collectanea 25, 20.
31.287,21. 08888118188811111.1181171, 18.
1811818118 8 11111. exeun itus 221, 25 partes 289, 18.
228, 35. fiscus 248, 32. 111118 18111188 811111. basilica 13814.
101,38.111111111111118242141118 290,14.811118148,20.181111-
248, 34. 118148, 23. lex 33, 19. 39,
1851111186, 38. 25. 185, 27. mensis 31, 9.
Iulii 5, 9. 288, 13. portus 43, 38.
8181111111288,13.1111111111111888,17.
Iulius Caesar primus 286, 21. 0888811811 22, 35. 23, 3. 45, 21.
(1.18111180888818111811814825.18118118181811881183.12.10,22.
0. 08888188 omnes 148, 24. 12,10, 21. 22, 15. 35, 13.
Caesar Strabo 24, 5. oratio pro 81, 24.
8811111247. 11.(3888811118811183022ς25.
’ 1111111 dictatoris 81111185, 3; 8. Iulia Angusta 128, 4. 8111118
111183181118118 88181 3118. 39, Drusilla.
21. 40, 38. Iulia Augusti 1. 48, 9. 85, 38;
C. Iniins 0118881 (118181813-37. 38. 88, 8-87, 11. 71, 23. 89,

22*

 

