330 19001

minitati} 19ιῖ 110320021οζ ig. 011111 1330091 11092901.
130,7.136,19. 150, 23. 222, Cuspius 9 um. 001199 177, 30
23. 235, 15. 239, 220 27. 9111119305, 6.

300, 37. 09991009 179, 37.
0311313301ἰῖ 11911 ⁰· 9333131131· 3939
campus v. Martius. 200,13. 213, 26. 263, 18.
0101109179, 7. L. Cassius 26, 36. 10119999 iden
Caninius Rebilus 31, 17. 176, 26. 90 superior.

0011191. 0. Cynicus 231, 38. 0999109 809999 28, 23; 24.

Tib. 0900111109 270, 23. 00991οΡ919κο90 quadam epistola

Cantabria 46, 25. 74,12. 203, 8. , 39, 29.

Cantabricus 9 um. 5911011146, 18. Cassius 9919111109 61, 37. 62, 2.
75, 27. expeditio 51, 19. 90,17. Cassius Seuerus 63, 35. 125, 29.

09009 choraules 205, 14. 215, 17. 266, 7. 290, 29.

090119 bubula 39, 36. Cassius 0599199144, 27. 145,

Capitolium 6, 19. 7, 35. 80,18; 8; 29; 33.

34. 129, 4. 194,1. 222, 6, Cassius quidam 144, 30. luno

230, 21. 23315. 241,22. 244, Cassius Longinus 130, 1. 145, 7.

15;17. 249, 18. 250, 27. 253, 0999109 Longinus 10119 0009111109

38. 8909191111 261, 20. 090099 188, 26.

103, 13. 144, 38. 099101199911996,25.95,27.128,24
Capitolinus 9 091. 9199 129, 5. sd Castoris 213, 11.

134, 29. ,9911911199 249, ll. Castricius 64, 6.

1001 279, 20. v. 10001101, 09111109 7, 18. 8,17; 213 22.

Venus. 39, 9. 79, 32.

0900900019 119, 14. 230, 16. 0010 (090901109) 264, 9. 291, 21.
295, 34. . 01101099 76, 15.

Cappadox 102, 30, Μ. 0910 (1111090919) 7, 28. 9, 9.

0901099 71, 16. 78, 25. 82, 33. 10, 8. 14, 20. 23,12.43,4.
83, 9; 13. 103,15. 111, 3. 76, 26.

112, 29. 116, 38. 117, 19. 0911111244, 233 27.

123, 2. 216, 34. 0911119 0101191221, 19.
0901990919 99099909 104, 13. 09101101 v. Valerius.

0901109001 104, 24. Q. 0910109 Capitolinus 7, 35. 80,

090τί001009 sidus 81, 21. 183 27. 199, 22. 200, 20.

0900933,18; 23. 10313. 144, 38. 258, 20.

Capys 33, 289 24. 09101109 domus 264, 33.

0919009303, 28. 0900111 160, 15.

99159909 1911109305, 24. 00995109 160, 16.

0911099 93, 30. 264, 3. Celadus 68, 16.

Carmeli (191 0190010111 228, 1. 09090199 55, 14.

09100109 112, 10; 11. 090909 50, 19. 95, 30.

Carthago 292,2;9. Novo 203, 21. centumviri 55, 8. 231, 6. 215,

Carthaginiensis 291, 36. 19. 271, 21. 290. 14.

 

