340 muns

30;32;’38.90,35.91,11;01111111.1.Α115111111162,6.69

36.106,30.121,16.129,10.

iulia Augusti neptis 66, 12;17;
28. 67, 12. 71, 11; 23.

Iuliae 66, 28. 67,16. (163, 12.)

C. Caesar Augusti 1111114615.
51, 23. 58, 34. 63, 30. 66,
11-36. 68, 24. 79, 1. 92, 5;
18; 31· 38. 93, 1; 33. 97, 12.
172, 5 264, 31.

24; 30. 82, 23 286, 30; 33,
38.287,1.1296,38 2111
Tiberius 100, 12. 110, 23. 1361
26. 253, 4. 266, 13. Caligula
133, 2 151, 23. Claudius 147.
5. Nero 215, 27. 268, 31. 2911,
17. 299, 35. Galba 204, 28.
211, 10. Vitellius 218, 28.
Vespasianus 227, 19. 231. 34

L. Caesar Augusti nepos49, 15. 8111Ιί111 Gabinianu’s 272, 20.
51, 23. 58, 34. 63, 30. 66, 6111111111 ypinun 265, 18. 287, 36
11-36.92,5.93,33.97,12.111111011111111111 73, 32. 7,9 13

115, 26264, 31.

Iulius Modestus 265, 27. 306, 24,

Caesares 14814. Caesarum ue· 1111111 Tiro 272, 26

11111158, 7.
iulia Tiberii 1111111163, 12.
C. Caesar (Gaius, Caligula) 108,

Iulius Vindex 190, 26. 191, 18.

192, 1. 193, 24. 194, 2. 203,
23. 204, 24. 206, 27.

28. 113,1. 117, 6;32.118,.6 11111133, 25.

119-146. 151, 6; 12· 23, 29. Iunilius 304, 36.
152,4;32.153,11.157,13.11111111 Gracchanus 281, 5
162,2. 166 24. 172, 26; 32. D 811111111123.
173,14.183,12.202,3;11;11111111 Novanus epistula 61, 37.

15, 17. 211, 20. 216, 11. 217,

621.

1. 223, 6. 225, 28. 227, 22. Iunius Saturninus 49, 30.

29619.
Gaiana nex 236, 6.

Iunius Gallio 301, 36; 36.
Μ. Silanus 123, 21. 129, 24; 30

0111311111 sorores 121, 22. 125, 111110111111111,Μ, Silani l. 123,

14, 11111. 111, 11. 111, 11.

21; 27.

113, 3. 131, 11. 111, 20. 146, Appius suanus 149, 11. 163, 11.

7. 290, 21. v. Agrippiuailru-

111, 11. 1111, 1.

silla. L. Silanus, Appii 1. 149, 29. 160,
lnlia Liuilla, Caligulae soron 121, 9. 162, 23, 29. 163, 14; 16.
22. 163, 12. Iunia Calvina, Appii 1. 235, 11.
Iulia Drusilla, 0111311110111130, Iunius Rusticus 247, 22.
38. 138, 28. 146, 13. 11111ο243, 37.
lulia Titi filia 237, 7; 19. 249, Iuppiter 34, 1. 69, 27. 80, 281
4. 252, 10. 253, 22. 35. 144, 38. 145, 10; 33. 199,
Caesares 152, 26. 199, 12. 205, 24. 203, 28. 204, 38. 243,
7 238, 38. 36 250, 37. 303, ll. Optimus
Caesarnulaedesl99, 17 domus Maximus 32, 21. 47, 26. 80.
199, 20. imagines 124, 33. 6;19. 222,7. 228,.8 Ca iptuli-
1299. memonia ae templa 146, uns 35, 28. 49, 20. 52, 5. 7,8

22 potestas 93, 12, progenies 12. 80, 22. 108, 25. 128, 37.

199, 5.
nis Caesar 188, 35.

174, 26. 243, 30. 244, 28.
246. 9. Casius 179, 37. Cu-

 

