’ 356 ” 66666

19-32.tnosruantaon121,a. Viniciana coniuratio 188, 14.
in oauputam 121, 33. 122, 19. Τ. Vinius Philopoemen 49, 30.
16 0666666169, 6-11. tn Gat- T. Vinius 205, 27. 217, 26.
bom 202, 7. in 01666666 210, 27. 1666611166 Maro 134, 36, 38. 261,
160661666666 254, 3. 23. 296, 4, 7. 299, 16. Ae
uersus incertorum poetam Graeoi neidoe 11661 296, 5.· 66166666,
83, 20, 24. 84,1. 108, 10. 10. Tutunus 197,10. 1366611666
147, 10. 189, 9. 190, 4, 5. 3, 50 sqq. 266, 30.. 3, 00 295,
194, 7. 212, 19. 250, 3. 33. 4290,28. 1166661666 1,
Vespasiae luous 225, 1. 41 316, 2. 1, 440 318, 2. 2,
Vespasiorum monumenta 225, 2. 537 246, 14. 4, 360 312, 7.
Vespasins Pollio 224, 19. Aeneidos 1, 1 314, 30. 1,6
Vespasia Polie 224, 10, 18. 225, 314, 61. 1, 111 305, 4. 1,
21. 227,13. 2071404. 1,282 56,35.
0166606666616666[0666622119. 1, 448 aq. 308,12. 3, 370
231,34]160, 22. 209, 8. 22126, 317, 8. 4 , 1 314, 32. 5, 350
36. 222, 33. 224-235. 236, 316,1. 5, 408 309, 6. 6,1
4. 237, 24, 32,34, 37. 236, 314, 36. 11,133 315, 5. 12,
18. 241, 12. 242, 6, 12, 20, 646 194, 16. 12, 653 316, 3.
24. 245, 37. 240,13. 249, 7, Viriathinum 6611666200, 11,
34. 250, 3. 016611166616 230,11. “
Vespasianus Flavii clementis l. 01160166616616215,12. 1166215,
250, 22. ‚ 7. 616 215, 11.
Vestae 66616 107, 7. 177, 25. Vitelliorum origo 215,1, 7, 12 ,
06616116616366166116635,1.245,3. 14. · 1
06616166 virgines 3,18. 52, 20. Q. Vitellius 215, 0. idemne
59,12. 85, 9. 118, 8. 175, 32. P. Vitellius imperatonis 6666 215,
182, 22. 22218. 245, 37. 279, 22. 1
181 Α. Vitellius imperatorie patruus
Vesvius mons 239, 22, 28. 300, 215, 25, 26.
29138· Q. Vitellius imperptoris patruus 1
7611166Ρ1116666666257,28. 258,1. 215, 26, 28.
Ι.. Vettius index 8, 18, 21, 25. P. Vitellius imperatoris patruus
10,15, 21. ’ 215, 26, 30. 1
Vibius Crispus 242, 35. L. Viteillnslmperaloris putu-215,
016611666266,19. 26. 216,2,28,31,37. 218, 7. .
1601616166 66, 20. Α. Vitellius imperator [0666666218. 1
01616616 84, 25. 204, 13. 28. 4636666218, 27] 212, 1ος
Vidine 263, 27. 23 , 24. 213, 7. 215-223. 227,
016666 218, 37. 223, 12. 0. 228, 20. 229, 2, 17. 232, 2.
vigiles 51, 35. 0116111661230,1.
0166636146, 26. 296, 37. ’ 0116111666616611666241,22.
0168611666 6 um. bellum 90, 22, 1601161666166ρ66616616166166216,
· Ι24. victoria 297, 37. 21. 221, 32. 223, 10.
Vindex 6. 161166. 01161666 Petroniana· imperatorisi.
0161616670, 15. 66, 201 217,18.

 

